1, 2
2, 1
2, 3
3, 2
3, 4
4, 3
4, 5
5, 4
5, 6
6, 5
6, 7
7, 6
7, 8
8, 7
8, 9
9, 8
9, 10
10, 9
10, 11
11, 10
11, 12
12, 11
12, 13
13, 12
13, 14
14, 13
14, 15
15, 14
15, 16
16, 15
16, 17
17, 16
17, 18
18, 17
18, 19
19, 18
19, 20
20, 19
21, 22
22, 21
22, 23
23, 22
23, 24
24, 23
24, 25
25, 24
25, 26
26, 25
26, 27
27, 26
27, 28
28, 27
28, 29
29, 28
29, 30
30, 29
30, 31
31, 30
31, 32
32, 31
32, 33
33, 32
33, 34
34, 33
34, 35
35, 34
35, 36
36, 35
36, 37
37, 36
37, 38
38, 37
38, 39
39, 38
39, 40
40, 39
41, 42
42, 41
42, 43
43, 42
43, 44
44, 43
44, 45
45, 44
45, 46
46, 45
46, 47
47, 46
47, 48
48, 47
48, 49
49, 48
49, 50
50, 49
50, 51
51, 50
51, 52
52, 51
52, 53
53, 52
53, 54
54, 53
54, 55
55, 54
55, 56
56, 55
56, 57
57, 56
57, 58
58, 57
58, 59
59, 58
59, 60
60, 59
61, 62
62, 61
62, 63
63, 62
63, 64
64, 63
64, 65
65, 64
65, 66
66, 65
66, 67
67, 66
67, 68
68, 67
68, 69
69, 68
69, 70
70, 69
70, 71
71, 70
71, 72
72, 71
72, 73
73, 72
73, 74
74, 73
74, 75
75, 74
75, 76
76, 75
76, 77
77, 76
77, 78
78, 77
78, 79
79, 78
79, 80
80, 79
81, 82
82, 81
82, 83
83, 82
83, 84
84, 83
84, 85
85, 84
85, 86
86, 85
86, 87
87, 86
87, 88
88, 87
88, 89
89, 88
89, 90
90, 89
90, 91
91, 90
91, 92
92, 91
92, 93
93, 92
93, 94
94, 93
94, 95
95, 94
95, 96
96, 95
96, 97
97, 96
97, 98
98, 97
98, 99
99, 98
99, 100
100, 99
101, 102
102, 101
102, 103
103, 102
103, 104
104, 103
104, 105
105, 104
105, 106
106, 105
106, 107
107, 106
107, 108
108, 107
108, 109
109, 108
109, 110
110, 109
110, 111
111, 110
111, 112
112, 111
112, 113
113, 112
113, 114
114, 113
114, 115
115, 114
115, 116
116, 115
116, 117
117, 116
117, 118
118, 117
118, 119
119, 118
119, 120
120, 119
121, 122
122, 121
122, 123
123, 122
123, 124
124, 123
124, 125
125, 124
125, 126
126, 125
126, 127
127, 126
127, 128
128, 127
128, 129
129, 128
129, 130
130, 129
130, 131
131, 130
131, 132
132, 131
132, 133
133, 132
133, 134
134, 133
134, 135
135, 134
135, 136
136, 135
136, 137
137, 136
137, 138
138, 137
138, 139
139, 138
139, 140
140, 139
141, 142
142, 141
142, 143
143, 142
143, 144
144, 143
144, 145
145, 144
145, 146
146, 145
146, 147
147, 146
147, 148
148, 147
148, 149
149, 148
149, 150
150, 149
150, 151
151, 150
151, 152
152, 151
152, 153
153, 152
153, 154
154, 153
154, 155
155, 154
155, 156
156, 155
156, 157
157, 156
157, 158
158, 157
158, 159
159, 158
159, 160
160, 159
161, 162
162, 161
162, 163
163, 162
163, 164
164, 163
164, 165
165, 164
165, 166
166, 165
166, 167
167, 166
167, 168
168, 167
168, 169
169, 168
169, 170
170, 169
170, 171
171, 170
171, 172
172, 171
172, 173
173, 172
173, 174
174, 173
174, 175
175, 174
175, 176
176, 175
176, 177
177, 176
177, 178
178, 177
178, 179
179, 178
179, 180
180, 179
181, 182
182, 181
182, 183
183, 182
183, 184
184, 183
184, 185
185, 184
185, 186
186, 185
186, 187
187, 186
187, 188
188, 187
188, 189
189, 188
189, 190
190, 189
190, 191
191, 190
191, 192
192, 191
192, 193
193, 192
193, 194
194, 193
194, 195
195, 194
195, 196
196, 195
196, 197
197, 196
197, 198
198, 197
198, 199
199, 198
199, 200
200, 199
201, 202
202, 201
202, 203
203, 202
203, 204
204, 203
204, 205
205, 204
205, 206
206, 205
206, 207
207, 206
207, 208
208, 207
208, 209
209, 208
209, 210
210, 209
210, 211
211, 210
211, 212
212, 211
212, 213
213, 212
213, 214
214, 213
214, 215
215, 214
215, 216
216, 215
216, 217
217, 216
217, 218
218, 217
218, 219
219, 218
219, 220
220, 219
221, 222
222, 221
222, 223
223, 222
223, 224
224, 223
224, 225
225, 224
225, 226
226, 225
226, 227
227, 226
227, 228
228, 227
228, 229
229, 228
229, 230
230, 229
230, 231
231, 230
231, 232
232, 231
232, 233
233, 232
233, 234
234, 233
234, 235
235, 234
235, 236
236, 235
236, 237
237, 236
237, 238
238, 237
238, 239
239, 238
239, 240
240, 239
241, 242
242, 241
242, 243
243, 242
243, 244
244, 243
244, 245
245, 244
245, 246
246, 245
246, 247
247, 246
247, 248
248, 247
248, 249
249, 248
249, 250
250, 249
250, 251
251, 250
251, 252
252, 251
252, 253
253, 252
253, 254
254, 253
254, 255
255, 254
255, 256
256, 255
256, 257
257, 256
257, 258
258, 257
258, 259
259, 258
259, 260
260, 259
261, 262
262, 261
262, 263
263, 262
263, 264
264, 263
264, 265
265, 264
265, 266
266, 265
266, 267
267, 266
267, 268
268, 267
268, 269
269, 268
269, 270
270, 269
270, 271
271, 270
271, 272
272, 271
272, 273
273, 272
273, 274
274, 273
274, 275
275, 274
275, 276
276, 275
276, 277
277, 276
277, 278
278, 277
278, 279
279, 278
279, 280
280, 279
281, 282
282, 281
282, 283
283, 282
283, 284
284, 283
284, 285
285, 284
285, 286
286, 285
286, 287
287, 286
287, 288
288, 287
288, 289
289, 288
289, 290
290, 289
290, 291
291, 290
291, 292
292, 291
292, 293
293, 292
293, 294
294, 293
294, 295
295, 294
295, 296
296, 295
296, 297
297, 296
297, 298
298, 297
298, 299
299, 298
299, 300
300, 299
301, 302
302, 301
302, 303
303, 302
303, 304
304, 303
304, 305
305, 304
305, 306
306, 305
306, 307
307, 306
307, 308
308, 307
308, 309
309, 308
309, 310
310, 309
310, 311
311, 310
311, 312
312, 311
312, 313
313, 312
313, 314
314, 313
314, 315
315, 314
315, 316
316, 315
316, 317
317, 316
317, 318
318, 317
318, 319
319, 318
319, 320
320, 319
321, 322
322, 321
322, 323
323, 322
323, 324
324, 323
324, 325
325, 324
325, 326
326, 325
326, 327
327, 326
327, 328
328, 327
328, 329
329, 328
329, 330
330, 329
330, 331
331, 330
331, 332
332, 331
332, 333
333, 332
333, 334
334, 333
334, 335
335, 334
335, 336
336, 335
336, 337
337, 336
337, 338
338, 337
338, 339
339, 338
339, 340
340, 339
341, 342
342, 341
342, 343
343, 342
343, 344
344, 343
344, 345
345, 344
345, 346
346, 345
346, 347
347, 346
347, 348
348, 347
348, 349
349, 348
349, 350
350, 349
350, 351
351, 350
351, 352
352, 351
352, 353
353, 352
353, 354
354, 353
354, 355
355, 354
355, 356
356, 355
356, 357
357, 356
357, 358
358, 357
358, 359
359, 358
359, 360
360, 359
361, 362
362, 361
362, 363
363, 362
363, 364
364, 363
364, 365
365, 364
365, 366
366, 365
366, 367
367, 366
367, 368
368, 367
368, 369
369, 368
369, 370
370, 369
370, 371
371, 370
371, 372
372, 371
372, 373
373, 372
373, 374
374, 373
374, 375
375, 374
375, 376
376, 375
376, 377
377, 376
377, 378
378, 377
378, 379
379, 378
379, 380
380, 379
381, 382
382, 381
382, 383
383, 382
383, 384
384, 383
384, 385
385, 384
385, 386
386, 385
386, 387
387, 386
387, 388
388, 387
388, 389
389, 388
389, 390
390, 389
390, 391
391, 390
391, 392
392, 391
392, 393
393, 392
393, 394
394, 393
394, 395
395, 394
395, 396
396, 395
396, 397
397, 396
397, 398
398, 397
398, 399
399, 398
399, 400
400, 399
401, 402
402, 401
402, 403
403, 402
403, 404
404, 403
404, 405
405, 404
405, 406
406, 405
406, 407
407, 406
407, 408
408, 407
408, 409
409, 408
409, 410
410, 409
410, 411
411, 410
411, 412
412, 411
412, 413
413, 412
413, 414
414, 413
414, 415
415, 414
415, 416
416, 415
416, 417
417, 416
417, 418
418, 417
418, 419
419, 418
419, 420
420, 419
421, 422
422, 421
422, 423
423, 422
423, 424
424, 423
424, 425
425, 424
425, 426
426, 425
426, 427
427, 426
427, 428
428, 427
428, 429
429, 428
429, 430
430, 429
430, 431
431, 430
431, 432
432, 431
432, 433
433, 432
433, 434
434, 433
434, 435
435, 434
435, 436
436, 435
436, 437
437, 436
437, 438
438, 437
438, 439
439, 438
439, 440
440, 439
441, 442
442, 441
442, 443
443, 442
443, 444
444, 443
444, 445
445, 444
445, 446
446, 445
446, 447
447, 446
447, 448
448, 447
448, 449
449, 448
449, 450
450, 449
450, 451
451, 450
451, 452
452, 451
452, 453
453, 452
453, 454
454, 453
454, 455
455, 454
455, 456
456, 455
456, 457
457, 456
457, 458
458, 457
458, 459
459, 458
459, 460
460, 459
461, 462
462, 461
462, 463
463, 462
463, 464
464, 463
464, 465
465, 464
465, 466
466, 465
466, 467
467, 466
467, 468
468, 467
468, 469
469, 468
469, 470
470, 469
470, 471
471, 470
471, 472
472, 471
472, 473
473, 472
473, 474
474, 473
474, 475
475, 474
475, 476
476, 475
476, 477
477, 476
477, 478
478, 477
478, 479
479, 478
479, 480
480, 479
481, 482
482, 481
482, 483
483, 482
483, 484
484, 483
484, 485
485, 484
485, 486
486, 485
486, 487
487, 486
487, 488
488, 487
488, 489
489, 488
489, 490
490, 489
490, 491
491, 490
491, 492
492, 491
492, 493
493, 492
493, 494
494, 493
494, 495
495, 494
495, 496
496, 495
496, 497
497, 496
497, 498
498, 497
498, 499
499, 498
499, 500
500, 499
501, 502
502, 501
502, 503
503, 502
503, 504
504, 503
504, 505
505, 504
505, 506
506, 505
506, 507
507, 506
507, 508
508, 507
508, 509
509, 508
509, 510
510, 509
510, 511
511, 510
511, 512
512, 511
512, 513
513, 512
513, 514
514, 513
514, 515
515, 514
515, 516
516, 515
516, 517
517, 516
517, 518
518, 517
518, 519
519, 518
519, 520
520, 519
521, 522
522, 521
522, 523
523, 522
523, 524
524, 523
524, 525
525, 524
525, 526
526, 525
526, 527
527, 526
527, 528
528, 527
528, 529
529, 528
529, 530
530, 529
530, 531
531, 530
531, 532
532, 531
532, 533
533, 532
533, 534
534, 533
534, 535
535, 534
535, 536
536, 535
536, 537
537, 536
537, 538
538, 537
538, 539
539, 538
539, 540
540, 539
541, 542
542, 541
542, 543
543, 542
543, 544
544, 543
544, 545
545, 544
545, 546
546, 545
546, 547
547, 546
547, 548
548, 547
548, 549
549, 548
549, 550
550, 549
550, 551
551, 550
551, 552
552, 551
552, 553
553, 552
553, 554
554, 553
554, 555
555, 554
555, 556
556, 555
556, 557
557, 556
557, 558
558, 557
558, 559
559, 558
559, 560
560, 559
561, 562
562, 561
562, 563
563, 562
563, 564
564, 563
564, 565
565, 564
565, 566
566, 565
566, 567
567, 566
567, 568
568, 567
568, 569
569, 568
569, 570
570, 569
570, 571
571, 570
571, 572
572, 571
572, 573
573, 572
573, 574
574, 573
574, 575
575, 574
575, 576
576, 575
576, 577
577, 576
577, 578
578, 577
578, 579
579, 578
579, 580
580, 579
581, 582
582, 581
582, 583
583, 582
583, 584
584, 583
584, 585
585, 584
585, 586
586, 585
586, 587
587, 586
587, 588
588, 587
588, 589
589, 588
589, 590
590, 589
590, 591
591, 590
591, 592
592, 591
592, 593
593, 592
593, 594
594, 593
594, 595
595, 594
595, 596
596, 595
596, 597
597, 596
597, 598
598, 597
598, 599
599, 598
599, 600
600, 599
601, 602
602, 601
602, 603
603, 602
603, 604
604, 603
604, 605
605, 604
605, 606
606, 605
606, 607
607, 606
607, 608
608, 607
608, 609
609, 608
609, 610
610, 609
610, 611
611, 610
611, 612
612, 611
612, 613
613, 612
613, 614
614, 613
614, 615
615, 614
615, 616
616, 615
616, 617
617, 616
617, 618
618, 617
618, 619
619, 618
619, 620
620, 619
621, 622
622, 621
622, 623
623, 622
623, 624
624, 623
624, 625
625, 624
625, 626
626, 625
626, 627
627, 626
627, 628
628, 627
628, 629
629, 628
629, 630
630, 629
630, 631
631, 630
631, 632
632, 631
632, 633
633, 632
633, 634
634, 633
634, 635
635, 634
635, 636
636, 635
636, 637
637, 636
637, 638
638, 637
638, 639
639, 638
639, 640
640, 639
641, 642
642, 641
642, 643
643, 642
643, 644
644, 643
644, 645
645, 644
645, 646
646, 645
646, 647
647, 646
647, 648
648, 647
648, 649
649, 648
649, 650
650, 649
650, 651
651, 650
651, 652
652, 651
652, 653
653, 652
653, 654
654, 653
654, 655
655, 654
655, 656
656, 655
656, 657
657, 656
657, 658
658, 657
658, 659
659, 658
659, 660
660, 659
661, 662
662, 661
662, 663
663, 662
663, 664
664, 663
664, 665
665, 664
665, 666
666, 665
666, 667
667, 666
667, 668
668, 667
668, 669
669, 668
669, 670
670, 669
670, 671
671, 670
671, 672
672, 671
672, 673
673, 672
673, 674
674, 673
674, 675
675, 674
675, 676
676, 675
676, 677
677, 676
677, 678
678, 677
678, 679
679, 678
679, 680
680, 679
681, 682
682, 681
682, 683
683, 682
683, 684
684, 683
684, 685
685, 684
685, 686
686, 685
686, 687
687, 686
687, 688
688, 687
688, 689
689, 688
689, 690
690, 689
690, 691
691, 690
691, 692
692, 691
692, 693
693, 692
693, 694
694, 693
694, 695
695, 694
695, 696
696, 695
696, 697
697, 696
697, 698
698, 697
698, 699
699, 698
699, 700
700, 699
701, 702
702, 701
702, 703
703, 702
703, 704
704, 703
704, 705
705, 704
705, 706
706, 705
706, 707
707, 706
707, 708
708, 707
708, 709
709, 708
709, 710
710, 709
710, 711
711, 710
711, 712
712, 711
712, 713
713, 712
713, 714
714, 713
714, 715
715, 714
715, 716
716, 715
716, 717
717, 716
717, 718
718, 717
718, 719
719, 718
719, 720
720, 719
721, 722
722, 721
722, 723
723, 722
723, 724
724, 723
724, 725
725, 724
725, 726
726, 725
726, 727
727, 726
727, 728
728, 727
728, 729
729, 728
729, 730
730, 729
730, 731
731, 730
731, 732
732, 731
732, 733
733, 732
733, 734
734, 733
734, 735
735, 734
735, 736
736, 735
736, 737
737, 736
737, 738
738, 737
738, 739
739, 738
739, 740
740, 739
741, 742
742, 741
742, 743
743, 742
743, 744
744, 743
744, 745
745, 744
745, 746
746, 745
746, 747
747, 746
747, 748
748, 747
748, 749
749, 748
749, 750
750, 749
750, 751
751, 750
751, 752
752, 751
752, 753
753, 752
753, 754
754, 753
754, 755
755, 754
755, 756
756, 755
756, 757
757, 756
757, 758
758, 757
758, 759
759, 758
759, 760
760, 759
761, 762
762, 761
762, 763
763, 762
763, 764
764, 763
764, 765
765, 764
765, 766
766, 765
766, 767
767, 766
767, 768
768, 767
768, 769
769, 768
769, 770
770, 769
770, 771
771, 770
771, 772
772, 771
772, 773
773, 772
773, 774
774, 773
774, 775
775, 774
775, 776
776, 775
776, 777
777, 776
777, 778
778, 777
778, 779
779, 778
779, 780
780, 779
781, 782
782, 781
782, 783
783, 782
783, 784
784, 783
784, 785
785, 784
785, 786
786, 785
786, 787
787, 786
787, 788
788, 787
788, 789
789, 788
789, 790
790, 789
790, 791
791, 790
791, 792
792, 791
792, 793
793, 792
793, 794
794, 793
794, 795
795, 794
795, 796
796, 795
796, 797
797, 796
797, 798
798, 797
798, 799
799, 798
799, 800
800, 799
801, 802
802, 801
802, 803
803, 802
803, 804
804, 803
804, 805
805, 804
805, 806
806, 805
806, 807
807, 806
807, 808
808, 807
808, 809
809, 808
809, 810
810, 809
810, 811
811, 810
811, 812
812, 811
812, 813
813, 812
813, 814
814, 813
814, 815
815, 814
815, 816
816, 815
816, 817
817, 816
817, 818
818, 817
818, 819
819, 818
819, 820
820, 819
821, 822
822, 821
822, 823
823, 822
823, 824
824, 823
824, 825
825, 824
825, 826
826, 825
826, 827
827, 826
827, 828
828, 827
828, 829
829, 828
829, 830
830, 829
830, 831
831, 830
831, 832
832, 831
832, 833
833, 832
833, 834
834, 833
834, 835
835, 834
835, 836
836, 835
836, 837
837, 836
837, 838
838, 837
838, 839
839, 838
839, 840
840, 839
841, 842
842, 841
842, 843
843, 842
843, 844
844, 843
844, 845
845, 844
845, 846
846, 845
846, 847
847, 846
847, 848
848, 847
848, 849
849, 848
849, 850
850, 849
850, 851
851, 850
851, 852
852, 851
852, 853
853, 852
853, 854
854, 853
854, 855
855, 854
855, 856
856, 855
856, 857
857, 856
857, 858
858, 857
858, 859
859, 858
859, 860
860, 859
861, 862
862, 861
862, 863
863, 862
863, 864
864, 863
864, 865
865, 864
865, 866
866, 865
866, 867
867, 866
867, 868
868, 867
868, 869
869, 868
869, 870
870, 869
870, 871
871, 870
871, 872
872, 871
872, 873
873, 872
873, 874
874, 873
874, 875
875, 874
875, 876
876, 875
876, 877
877, 876
877, 878
878, 877
878, 879
879, 878
879, 880
880, 879
881, 882
882, 881
882, 883
883, 882
883, 884
884, 883
884, 885
885, 884
885, 886
886, 885
886, 887
887, 886
887, 888
888, 887
888, 889
889, 888
889, 890
890, 889
890, 891
891, 890
891, 892
892, 891
892, 893
893, 892
893, 894
894, 893
894, 895
895, 894
895, 896
896, 895
896, 897
897, 896
897, 898
898, 897
898, 899
899, 898
899, 900
900, 899
901, 902
902, 901
902, 903
903, 902
903, 904
904, 903
904, 905
905, 904
905, 906
906, 905
906, 907
907, 906
907, 908
908, 907
908, 909
909, 908
909, 910
910, 909
910, 911
911, 910
911, 912
912, 911
912, 913
913, 912
913, 914
914, 913
914, 915
915, 914
915, 916
916, 915
916, 917
917, 916
917, 918
918, 917
918, 919
919, 918
919, 920
920, 919
921, 922
922, 921
922, 923
923, 922
923, 924
924, 923
924, 925
925, 924
925, 926
926, 925
926, 927
927, 926
927, 928
928, 927
928, 929
929, 928
929, 930
930, 929
930, 931
931, 930
931, 932
932, 931
932, 933
933, 932
933, 934
934, 933
934, 935
935, 934
935, 936
936, 935
936, 937
937, 936
937, 938
938, 937
938, 939
939, 938
939, 940
940, 939
941, 942
942, 941
942, 943
943, 942
943, 944
944, 943
944, 945
945, 944
945, 946
946, 945
946, 947
947, 946
947, 948
948, 947
948, 949
949, 948
949, 950
950, 949
950, 951
951, 950
951, 952
952, 951
952, 953
953, 952
953, 954
954, 953
954, 955
955, 954
955, 956
956, 955
956, 957
957, 956
957, 958
958, 957
958, 959
959, 958
959, 960
960, 959
961, 962
962, 961
962, 963
963, 962
963, 964
964, 963
964, 965
965, 964
965, 966
966, 965
966, 967
967, 966
967, 968
968, 967
968, 969
969, 968
969, 970
970, 969
970, 971
971, 970
971, 972
972, 971
972, 973
973, 972
973, 974
974, 973
974, 975
975, 974
975, 976
976, 975
976, 977
977, 976
977, 978
978, 977
978, 979
979, 978
979, 980
980, 979
981, 982
982, 981
982, 983
983, 982
983, 984
984, 983
984, 985
985, 984
985, 986
986, 985
986, 987
987, 986
987, 988
988, 987
988, 989
989, 988
989, 990
990, 989
990, 991
991, 990
991, 992
992, 991
992, 993
993, 992
993, 994
994, 993
994, 995
995, 994
995, 996
996, 995
996, 997
997, 996
997, 998
998, 997
998, 999
999, 998
999, 1000
1000, 999
1001, 1008
1008, 1001
1002, 1008
1008, 1002
1003, 1008
1008, 1003
1004, 1008
1008, 1004
1005, 1008
1008, 1005
1006, 1008
1008, 1006
1007, 1008
1008, 1007
1008, 1009
1009, 1008
1008, 1010
1010, 1008
1008, 1011
1011, 1008
1008, 1012
1012, 1008
1008, 1013
1013, 1008
1008, 1014
1014, 1008
1008, 1015
1015, 1008
1008, 1016
1016, 1008
1008, 1017
1017, 1008
1008, 1018
1018, 1008
1008, 1019
1019, 1008
1008, 1020
1020, 1008
1021, 1028
1028, 1021
1022, 1028
1028, 1022
1023, 1028
1028, 1023
1024, 1028
1028, 1024
1025, 1028
1028, 1025
1026, 1028
1028, 1026
1027, 1028
1028, 1027
1028, 1029
1029, 1028
1028, 1030
1030, 1028
1028, 1031
1031, 1028
1028, 1032
1032, 1028
1028, 1033
1033, 1028
1028, 1034
1034, 1028
1028, 1035
1035, 1028
1028, 1036
1036, 1028
1028, 1037
1037, 1028
1028, 1038
1038, 1028
1028, 1039
1039, 1028
1028, 1040
1040, 1028
1041, 1048
1048, 1041
1042, 1048
1048, 1042
1043, 1048
1048, 1043
1044, 1048
1048, 1044
1045, 1048
1048, 1045
1046, 1048
1048, 1046
1047, 1048
1048, 1047
1048, 1049
1049, 1048
1048, 1050
1050, 1048
1048, 1051
1051, 1048
1048, 1052
1052, 1048
1048, 1053
1053, 1048
1048, 1054
1054, 1048
1048, 1055
1055, 1048
1048, 1056
1056, 1048
1048, 1057
1057, 1048
1048, 1058
1058, 1048
1048, 1059
1059, 1048
1048, 1060
1060, 1048
1061, 1065
1065, 1061
1062, 1065
1065, 1062
1063, 1065
1065, 1063
1064, 1065
1065, 1064
1065, 1066
1066, 1065
1065, 1067
1067, 1065
1065, 1068
1068, 1065
1065, 1069
1069, 1065
1065, 1070
1070, 1065
1065, 1071
1071, 1065
1065, 1072
1072, 1065
1065, 1073
1073, 1065
1065, 1074
1074, 1065
1065, 1075
1075, 1065
1065, 1076
1076, 1065
1065, 1077
1077, 1065
1065, 1078
1078, 1065
1065, 1079
1079, 1065
1065, 1080
1080, 1065
1081, 1099
1099, 1081
1082, 1099
1099, 1082
1083, 1099
1099, 1083
1084, 1099
1099, 1084
1085, 1099
1099, 1085
1086, 1099
1099, 1086
1087, 1099
1099, 1087
1088, 1099
1099, 1088
1089, 1099
1099, 1089
1090, 1099
1099, 1090
1091, 1099
1099, 1091
1092, 1099
1099, 1092
1093, 1099
1099, 1093
1094, 1099
1099, 1094
1095, 1099
1099, 1095
1096, 1099
1099, 1096
1097, 1099
1099, 1097
1098, 1099
1099, 1098
1099, 1100
1100, 1099
1101, 1111
1111, 1101
1102, 1111
1111, 1102
1103, 1111
1111, 1103
1104, 1111
1111, 1104
1105, 1111
1111, 1105
1106, 1111
1111, 1106
1107, 1111
1111, 1107
1108, 1111
1111, 1108
1109, 1111
1111, 1109
1110, 1111
1111, 1110
1111, 1112
1112, 1111
1111, 1113
1113, 1111
1111, 1114
1114, 1111
1111, 1115
1115, 1111
1111, 1116
1116, 1111
1111, 1117
1117, 1111
1111, 1118
1118, 1111
1111, 1119
1119, 1111
1111, 1120
1120, 1111
1121, 1131
1131, 1121
1122, 1131
1131, 1122
1123, 1131
1131, 1123
1124, 1131
1131, 1124
1125, 1131
1131, 1125
1126, 1131
1131, 1126
1127, 1131
1131, 1127
1128, 1131
1131, 1128
1129, 1131
1131, 1129
1130, 1131
1131, 1130
1131, 1132
1132, 1131
1131, 1133
1133, 1131
1131, 1134
1134, 1131
1131, 1135
1135, 1131
1131, 1136
1136, 1131
1131, 1137
1137, 1131
1131, 1138
1138, 1131
1131, 1139
1139, 1131
1131, 1140
1140, 1131
1141, 1153
1153, 1141
1142, 1153
1153, 1142
1143, 1153
1153, 1143
1144, 1153
1153, 1144
1145, 1153
1153, 1145
1146, 1153
1153, 1146
1147, 1153
1153, 1147
1148, 1153
1153, 1148
1149, 1153
1153, 1149
1150, 1153
1153, 1150
1151, 1153
1153, 1151
1152, 1153
1153, 1152
1153, 1154
1154, 1153
1153, 1155
1155, 1153
1153, 1156
1156, 1153
1153, 1157
1157, 1153
1153, 1158
1158, 1153
1153, 1159
1159, 1153
1153, 1160
1160, 1153
1161, 1179
1179, 1161
1162, 1179
1179, 1162
1163, 1179
1179, 1163
1164, 1179
1179, 1164
1165, 1179
1179, 1165
1166, 1179
1179, 1166
1167, 1179
1179, 1167
1168, 1179
1179, 1168
1169, 1179
1179, 1169
1170, 1179
1179, 1170
1171, 1179
1179, 1171
1172, 1179
1179, 1172
1173, 1179
1179, 1173
1174, 1179
1179, 1174
1175, 1179
1179, 1175
1176, 1179
1179, 1176
1177, 1179
1179, 1177
1178, 1179
1179, 1178
1179, 1180
1180, 1179
1181, 1195
1195, 1181
1182, 1195
1195, 1182
1183, 1195
1195, 1183
1184, 1195
1195, 1184
1185, 1195
1195, 1185
1186, 1195
1195, 1186
1187, 1195
1195, 1187
1188, 1195
1195, 1188
1189, 1195
1195, 1189
1190, 1195
1195, 1190
1191, 1195
1195, 1191
1192, 1195
1195, 1192
1193, 1195
1195, 1193
1194, 1195
1195, 1194
1195, 1196
1196, 1195
1195, 1197
1197, 1195
1195, 1198
1198, 1195
1195, 1199
1199, 1195
1195, 1200
1200, 1195
1201, 1219
1219, 1201
1202, 1219
1219, 1202
1203, 1219
1219, 1203
1204, 1219
1219, 1204
1205, 1219
1219, 1205
1206, 1219
1219, 1206
1207, 1219
1219, 1207
1208, 1219
1219, 1208
1209, 1219
1219, 1209
1210, 1219
1219, 1210
1211, 1219
1219, 1211
1212, 1219
1219, 1212
1213, 1219
1219, 1213
1214, 1219
1219, 1214
1215, 1219
1219, 1215
1216, 1219
1219, 1216
1217, 1219
1219, 1217
1218, 1219
1219, 1218
1219, 1220
1220, 1219
1221, 1226
1226, 1221
1222, 1226
1226, 1222
1223, 1226
1226, 1223
1224, 1226
1226, 1224
1225, 1226
1226, 1225
1226, 1227
1227, 1226
1226, 1228
1228, 1226
1226, 1229
1229, 1226
1226, 1230
1230, 1226
1226, 1231
1231, 1226
1226, 1232
1232, 1226
1226, 1233
1233, 1226
1226, 1234
1234, 1226
1226, 1235
1235, 1226
1226, 1236
1236, 1226
1226, 1237
1237, 1226
1226, 1238
1238, 1226
1226, 1239
1239, 1226
1226, 1240
1240, 1226
1241, 1254
1254, 1241
1242, 1254
1254, 1242
1243, 1254
1254, 1243
1244, 1254
1254, 1244
1245, 1254
1254, 1245
1246, 1254
1254, 1246
1247, 1254
1254, 1247
1248, 1254
1254, 1248
1249, 1254
1254, 1249
1250, 1254
1254, 1250
1251, 1254
1254, 1251
1252, 1254
1254, 1252
1253, 1254
1254, 1253
1254, 1255
1255, 1254
1254, 1256
1256, 1254
1254, 1257
1257, 1254
1254, 1258
1258, 1254
1254, 1259
1259, 1254
1254, 1260
1260, 1254
1261, 1279
1279, 1261
1262, 1279
1279, 1262
1263, 1279
1279, 1263
1264, 1279
1279, 1264
1265, 1279
1279, 1265
1266, 1279
1279, 1266
1267, 1279
1279, 1267
1268, 1279
1279, 1268
1269, 1279
1279, 1269
1270, 1279
1279, 1270
1271, 1279
1279, 1271
1272, 1279
1279, 1272
1273, 1279
1279, 1273
1274, 1279
1279, 1274
1275, 1279
1279, 1275
1276, 1279
1279, 1276
1277, 1279
1279, 1277
1278, 1279
1279, 1278
1279, 1280
1280, 1279
1281, 1297
1297, 1281
1282, 1297
1297, 1282
1283, 1297
1297, 1283
1284, 1297
1297, 1284
1285, 1297
1297, 1285
1286, 1297
1297, 1286
1287, 1297
1297, 1287
1288, 1297
1297, 1288
1289, 1297
1297, 1289
1290, 1297
1297, 1290
1291, 1297
1297, 1291
1292, 1297
1297, 1292
1293, 1297
1297, 1293
1294, 1297
1297, 1294
1295, 1297
1297, 1295
1296, 1297
1297, 1296
1297, 1298
1298, 1297
1297, 1299
1299, 1297
1297, 1300
1300, 1297
1301, 1306
1306, 1301
1302, 1306
1306, 1302
1303, 1306
1306, 1303
1304, 1306
1306, 1304
1305, 1306
1306, 1305
1306, 1307
1307, 1306
1306, 1308
1308, 1306
1306, 1309
1309, 1306
1306, 1310
1310, 1306
1306, 1311
1311, 1306
1306, 1312
1312, 1306
1306, 1313
1313, 1306
1306, 1314
1314, 1306
1306, 1315
1315, 1306
1306, 1316
1316, 1306
1306, 1317
1317, 1306
1306, 1318
1318, 1306
1306, 1319
1319, 1306
1306, 1320
1320, 1306
1321, 1325
1325, 1321
1322, 1325
1325, 1322
1323, 1325
1325, 1323
1324, 1325
1325, 1324
1325, 1326
1326, 1325
1325, 1327
1327, 1325
1325, 1328
1328, 1325
1325, 1329
1329, 1325
1325, 1330
1330, 1325
1325, 1331
1331, 1325
1325, 1332
1332, 1325
1325, 1333
1333, 1325
1325, 1334
1334, 1325
1325, 1335
1335, 1325
1325, 1336
1336, 1325
1325, 1337
1337, 1325
1325, 1338
1338, 1325
1325, 1339
1339, 1325
1325, 1340
1340, 1325
1341, 1355
1355, 1341
1342, 1355
1355, 1342
1343, 1355
1355, 1343
1344, 1355
1355, 1344
1345, 1355
1355, 1345
1346, 1355
1355, 1346
1347, 1355
1355, 1347
1348, 1355
1355, 1348
1349, 1355
1355, 1349
1350, 1355
1355, 1350
1351, 1355
1355, 1351
1352, 1355
1355, 1352
1353, 1355
1355, 1353
1354, 1355
1355, 1354
1355, 1356
1356, 1355
1355, 1357
1357, 1355
1355, 1358
1358, 1355
1355, 1359
1359, 1355
1355, 1360
1360, 1355
1361, 1374
1374, 1361
1362, 1374
1374, 1362
1363, 1374
1374, 1363
1364, 1374
1374, 1364
1365, 1374
1374, 1365
1366, 1374
1374, 1366
1367, 1374
1374, 1367
1368, 1374
1374, 1368
1369, 1374
1374, 1369
1370, 1374
1374, 1370
1371, 1374
1374, 1371
1372, 1374
1374, 1372
1373, 1374
1374, 1373
1374, 1375
1375, 1374
1374, 1376
1376, 1374
1374, 1377
1377, 1374
1374, 1378
1378, 1374
1374, 1379
1379, 1374
1374, 1380
1380, 1374
1381, 1390
1390, 1381
1382, 1390
1390, 1382
1383, 1390
1390, 1383
1384, 1390
1390, 1384
1385, 1390
1390, 1385
1386, 1390
1390, 1386
1387, 1390
1390, 1387
1388, 1390
1390, 1388
1389, 1390
1390, 1389
1390, 1391
1391, 1390
1390, 1392
1392, 1390
1390, 1393
1393, 1390
1390, 1394
1394, 1390
1390, 1395
1395, 1390
1390, 1396
1396, 1390
1390, 1397
1397, 1390
1390, 1398
1398, 1390
1390, 1399
1399, 1390
1390, 1400
1400, 1390
1401, 1419
1419, 1401
1402, 1419
1419, 1402
1403, 1419
1419, 1403
1404, 1419
1419, 1404
1405, 1419
1419, 1405
1406, 1419
1419, 1406
1407, 1419
1419, 1407
1408, 1419
1419, 1408
1409, 1419
1419, 1409
1410, 1419
1419, 1410
1411, 1419
1419, 1411
1412, 1419
1419, 1412
1413, 1419
1419, 1413
1414, 1419
1419, 1414
1415, 1419
1419, 1415
1416, 1419
1419, 1416
1417, 1419
1419, 1417
1418, 1419
1419, 1418
1419, 1420
1420, 1419
1421, 1437
1437, 1421
1422, 1437
1437, 1422
1423, 1437
1437, 1423
1424, 1437
1437, 1424
1425, 1437
1437, 1425
1426, 1437
1437, 1426
1427, 1437
1437, 1427
1428, 1437
1437, 1428
1429, 1437
1437, 1429
1430, 1437
1437, 1430
1431, 1437
1437, 1431
1432, 1437
1437, 1432
1433, 1437
1437, 1433
1434, 1437
1437, 1434
1435, 1437
1437, 1435
1436, 1437
1437, 1436
1437, 1438
1438, 1437
1437, 1439
1439, 1437
1437, 1440
1440, 1437
1441, 1450
1450, 1441
1442, 1450
1450, 1442
1443, 1450
1450, 1443
1444, 1450
1450, 1444
1445, 1450
1450, 1445
1446, 1450
1450, 1446
1447, 1450
1450, 1447
1448, 1450
1450, 1448
1449, 1450
1450, 1449
1450, 1451
1451, 1450
1450, 1452
1452, 1450
1450, 1453
1453, 1450
1450, 1454
1454, 1450
1450, 1455
1455, 1450
1450, 1456
1456, 1450
1450, 1457
1457, 1450
1450, 1458
1458, 1450
1450, 1459
1459, 1450
1450, 1460
1460, 1450
1461, 1478
1478, 1461
1462, 1478
1478, 1462
1463, 1478
1478, 1463
1464, 1478
1478, 1464
1465, 1478
1478, 1465
1466, 1478
1478, 1466
1467, 1478
1478, 1467
1468, 1478
1478, 1468
1469, 1478
1478, 1469
1470, 1478
1478, 1470
1471, 1478
1478, 1471
1472, 1478
1478, 1472
1473, 1478
1478, 1473
1474, 1478
1478, 1474
1475, 1478
1478, 1475
1476, 1478
1478, 1476
1477, 1478
1478, 1477
1478, 1479
1479, 1478
1478, 1480
1480, 1478
1481, 1491
1491, 1481
1482, 1491
1491, 1482
1483, 1491
1491, 1483
1484, 1491
1491, 1484
1485, 1491
1491, 1485
1486, 1491
1491, 1486
1487, 1491
1491, 1487
1488, 1491
1491, 1488
1489, 1491
1491, 1489
1490, 1491
1491, 1490
1491, 1492
1492, 1491
1491, 1493
1493, 1491
1491, 1494
1494, 1491
1491, 1495
1495, 1491
1491, 1496
1496, 1491
1491, 1497
1497, 1491
1491, 1498
1498, 1491
1491, 1499
1499, 1491
1491, 1500
1500, 1491
1501, 1517
1517, 1501
1502, 1517
1517, 1502
1503, 1517
1517, 1503
1504, 1517
1517, 1504
1505, 1517
1517, 1505
1506, 1517
1517, 1506
1507, 1517
1517, 1507
1508, 1517
1517, 1508
1509, 1517
1517, 1509
1510, 1517
1517, 1510
1511, 1517
1517, 1511
1512, 1517
1517, 1512
1513, 1517
1517, 1513
1514, 1517
1517, 1514
1515, 1517
1517, 1515
1516, 1517
1517, 1516
1517, 1518
1518, 1517
1517, 1519
1519, 1517
1517, 1520
1520, 1517
1521, 1539
1539, 1521
1522, 1539
1539, 1522
1523, 1539
1539, 1523
1524, 1539
1539, 1524
1525, 1539
1539, 1525
1526, 1539
1539, 1526
1527, 1539
1539, 1527
1528, 1539
1539, 1528
1529, 1539
1539, 1529
1530, 1539
1539, 1530
1531, 1539
1539, 1531
1532, 1539
1539, 1532
1533, 1539
1539, 1533
1534, 1539
1539, 1534
1535, 1539
1539, 1535
1536, 1539
1539, 1536
1537, 1539
1539, 1537
1538, 1539
1539, 1538
1539, 1540
1540, 1539
1541, 1547
1547, 1541
1542, 1547
1547, 1542
1543, 1547
1547, 1543
1544, 1547
1547, 1544
1545, 1547
1547, 1545
1546, 1547
1547, 1546
1547, 1548
1548, 1547
1547, 1549
1549, 1547
1547, 1550
1550, 1547
1547, 1551
1551, 1547
1547, 1552
1552, 1547
1547, 1553
1553, 1547
1547, 1554
1554, 1547
1547, 1555
1555, 1547
1547, 1556
1556, 1547
1547, 1557
1557, 1547
1547, 1558
1558, 1547
1547, 1559
1559, 1547
1547, 1560
1560, 1547
1561, 1577
1577, 1561
1562, 1577
1577, 1562
1563, 1577
1577, 1563
1564, 1577
1577, 1564
1565, 1577
1577, 1565
1566, 1577
1577, 1566
1567, 1577
1577, 1567
1568, 1577
1577, 1568
1569, 1577
1577, 1569
1570, 1577
1577, 1570
1571, 1577
1577, 1571
1572, 1577
1577, 1572
1573, 1577
1577, 1573
1574, 1577
1577, 1574
1575, 1577
1577, 1575
1576, 1577
1577, 1576
1577, 1578
1578, 1577
1577, 1579
1579, 1577
1577, 1580
1580, 1577
1581, 1583
1583, 1581
1582, 1583
1583, 1582
1583, 1584
1584, 1583
1583, 1585
1585, 1583
1583, 1586
1586, 1583
1583, 1587
1587, 1583
1583, 1588
1588, 1583
1583, 1589
1589, 1583
1583, 1590
1590, 1583
1583, 1591
1591, 1583
1583, 1592
1592, 1583
1583, 1593
1593, 1583
1583, 1594
1594, 1583
1583, 1595
1595, 1583
1583, 1596
1596, 1583
1583, 1597
1597, 1583
1583, 1598
1598, 1583
1583, 1599
1599, 1583
1583, 1600
1600, 1583
1601, 1618
1618, 1601
1602, 1618
1618, 1602
1603, 1618
1618, 1603
1604, 1618
1618, 1604
1605, 1618
1618, 1605
1606, 1618
1618, 1606
1607, 1618
1618, 1607
1608, 1618
1618, 1608
1609, 1618
1618, 1609
1610, 1618
1618, 1610
1611, 1618
1618, 1611
1612, 1618
1618, 1612
1613, 1618
1618, 1613
1614, 1618
1618, 1614
1615, 1618
1618, 1615
1616, 1618
1618, 1616
1617, 1618
1618, 1617
1618, 1619
1619, 1618
1618, 1620
1620, 1618
1621, 1639
1639, 1621
1622, 1639
1639, 1622
1623, 1639
1639, 1623
1624, 1639
1639, 1624
1625, 1639
1639, 1625
1626, 1639
1639, 1626
1627, 1639
1639, 1627
1628, 1639
1639, 1628
1629, 1639
1639, 1629
1630, 1639
1639, 1630
1631, 1639
1639, 1631
1632, 1639
1639, 1632
1633, 1639
1639, 1633
1634, 1639
1639, 1634
1635, 1639
1639, 1635
1636, 1639
1639, 1636
1637, 1639
1639, 1637
1638, 1639
1639, 1638
1639, 1640
1640, 1639
1641, 1660
1660, 1641
1642, 1660
1660, 1642
1643, 1660
1660, 1643
1644, 1660
1660, 1644
1645, 1660
1660, 1645
1646, 1660
1660, 1646
1647, 1660
1660, 1647
1648, 1660
1660, 1648
1649, 1660
1660, 1649
1650, 1660
1660, 1650
1651, 1660
1660, 1651
1652, 1660
1660, 1652
1653, 1660
1660, 1653
1654, 1660
1660, 1654
1655, 1660
1660, 1655
1656, 1660
1660, 1656
1657, 1660
1660, 1657
1658, 1660
1660, 1658
1659, 1660
1660, 1659
1661, 1670
1670, 1661
1662, 1670
1670, 1662
1663, 1670
1670, 1663
1664, 1670
1670, 1664
1665, 1670
1670, 1665
1666, 1670
1670, 1666
1667, 1670
1670, 1667
1668, 1670
1670, 1668
1669, 1670
1670, 1669
1670, 1671
1671, 1670
1670, 1672
1672, 1670
1670, 1673
1673, 1670
1670, 1674
1674, 1670
1670, 1675
1675, 1670
1670, 1676
1676, 1670
1670, 1677
1677, 1670
1670, 1678
1678, 1670
1670, 1679
1679, 1670
1670, 1680
1680, 1670
1681, 1683
1683, 1681
1682, 1683
1683, 1682
1683, 1684
1684, 1683
1683, 1685
1685, 1683
1683, 1686
1686, 1683
1683, 1687
1687, 1683
1683, 1688
1688, 1683
1683, 1689
1689, 1683
1683, 1690
1690, 1683
1683, 1691
1691, 1683
1683, 1692
1692, 1683
1683, 1693
1693, 1683
1683, 1694
1694, 1683
1683, 1695
1695, 1683
1683, 1696
1696, 1683
1683, 1697
1697, 1683
1683, 1698
1698, 1683
1683, 1699
1699, 1683
1683, 1700
1700, 1683
1701, 1702
1702, 1701
1702, 1703
1703, 1702
1702, 1704
1704, 1702
1702, 1705
1705, 1702
1702, 1706
1706, 1702
1702, 1707
1707, 1702
1702, 1708
1708, 1702
1702, 1709
1709, 1702
1702, 1710
1710, 1702
1702, 1711
1711, 1702
1702, 1712
1712, 1702
1702, 1713
1713, 1702
1702, 1714
1714, 1702
1702, 1715
1715, 1702
1702, 1716
1716, 1702
1702, 1717
1717, 1702
1702, 1718
1718, 1702
1702, 1719
1719, 1702
1702, 1720
1720, 1702
1721, 1724
1724, 1721
1722, 1724
1724, 1722
1723, 1724
1724, 1723
1724, 1725
1725, 1724
1724, 1726
1726, 1724
1724, 1727
1727, 1724
1724, 1728
1728, 1724
1724, 1729
1729, 1724
1724, 1730
1730, 1724
1724, 1731
1731, 1724
1724, 1732
1732, 1724
1724, 1733
1733, 1724
1724, 1734
1734, 1724
1724, 1735
1735, 1724
1724, 1736
1736, 1724
1724, 1737
1737, 1724
1724, 1738
1738, 1724
1724, 1739
1739, 1724
1724, 1740
1740, 1724
1741, 1742
1742, 1741
1742, 1743
1743, 1742
1742, 1744
1744, 1742
1742, 1745
1745, 1742
1742, 1746
1746, 1742
1742, 1747
1747, 1742
1742, 1748
1748, 1742
1742, 1749
1749, 1742
1742, 1750
1750, 1742
1742, 1751
1751, 1742
1742, 1752
1752, 1742
1742, 1753
1753, 1742
1742, 1754
1754, 1742
1742, 1755
1755, 1742
1742, 1756
1756, 1742
1742, 1757
1757, 1742
1742, 1758
1758, 1742
1742, 1759
1759, 1742
1742, 1760
1760, 1742
1761, 1774
1774, 1761
1762, 1774
1774, 1762
1763, 1774
1774, 1763
1764, 1774
1774, 1764
1765, 1774
1774, 1765
1766, 1774
1774, 1766
1767, 1774
1774, 1767
1768, 1774
1774, 1768
1769, 1774
1774, 1769
1770, 1774
1774, 1770
1771, 1774
1774, 1771
1772, 1774
1774, 1772
1773, 1774
1774, 1773
1774, 1775
1775, 1774
1774, 1776
1776, 1774
1774, 1777
1777, 1774
1774, 1778
1778, 1774
1774, 1779
1779, 1774
1774, 1780
1780, 1774
1781, 1782
1782, 1781
1782, 1783
1783, 1782
1782, 1784
1784, 1782
1782, 1785
1785, 1782
1782, 1786
1786, 1782
1782, 1787
1787, 1782
1782, 1788
1788, 1782
1782, 1789
1789, 1782
1782, 1790
1790, 1782
1782, 1791
1791, 1782
1782, 1792
1792, 1782
1782, 1793
1793, 1782
1782, 1794
1794, 1782
1782, 1795
1795, 1782
1782, 1796
1796, 1782
1782, 1797
1797, 1782
1782, 1798
1798, 1782
1782, 1799
1799, 1782
1782, 1800
1800, 1782
1801, 1816
1816, 1801
1802, 1816
1816, 1802
1803, 1816
1816, 1803
1804, 1816
1816, 1804
1805, 1816
1816, 1805
1806, 1816
1816, 1806
1807, 1816
1816, 1807
1808, 1816
1816, 1808
1809, 1816
1816, 1809
1810, 1816
1816, 1810
1811, 1816
1816, 1811
1812, 1816
1816, 1812
1813, 1816
1816, 1813
1814, 1816
1816, 1814
1815, 1816
1816, 1815
1816, 1817
1817, 1816
1816, 1818
1818, 1816
1816, 1819
1819, 1816
1816, 1820
1820, 1816
1821, 1828
1828, 1821
1822, 1828
1828, 1822
1823, 1828
1828, 1823
1824, 1828
1828, 1824
1825, 1828
1828, 1825
1826, 1828
1828, 1826
1827, 1828
1828, 1827
1828, 1829
1829, 1828
1828, 1830
1830, 1828
1828, 1831
1831, 1828
1828, 1832
1832, 1828
1828, 1833
1833, 1828
1828, 1834
1834, 1828
1828, 1835
1835, 1828
1828, 1836
1836, 1828
1828, 1837
1837, 1828
1828, 1838
1838, 1828
1828, 1839
1839, 1828
1828, 1840
1840, 1828
1841, 1844
1844, 1841
1842, 1844
1844, 1842
1843, 1844
1844, 1843
1844, 1845
1845, 1844
1844, 1846
1846, 1844
1844, 1847
1847, 1844
1844, 1848
1848, 1844
1844, 1849
1849, 1844
1844, 1850
1850, 1844
1844, 1851
1851, 1844
1844, 1852
1852, 1844
1844, 1853
1853, 1844
1844, 1854
1854, 1844
1844, 1855
1855, 1844
1844, 1856
1856, 1844
1844, 1857
1857, 1844
1844, 1858
1858, 1844
1844, 1859
1859, 1844
1844, 1860
1860, 1844
1861, 1865
1865, 1861
1862, 1865
1865, 1862
1863, 1865
1865, 1863
1864, 1865
1865, 1864
1865, 1866
1866, 1865
1865, 1867
1867, 1865
1865, 1868
1868, 1865
1865, 1869
1869, 1865
1865, 1870
1870, 1865
1865, 1871
1871, 1865
1865, 1872
1872, 1865
1865, 1873
1873, 1865
1865, 1874
1874, 1865
1865, 1875
1875, 1865
1865, 1876
1876, 1865
1865, 1877
1877, 1865
1865, 1878
1878, 1865
1865, 1879
1879, 1865
1865, 1880
1880, 1865
1881, 1893
1893, 1881
1882, 1893
1893, 1882
1883, 1893
1893, 1883
1884, 1893
1893, 1884
1885, 1893
1893, 1885
1886, 1893
1893, 1886
1887, 1893
1893, 1887
1888, 1893
1893, 1888
1889, 1893
1893, 1889
1890, 1893
1893, 1890
1891, 1893
1893, 1891
1892, 1893
1893, 1892
1893, 1894
1894, 1893
1893, 1895
1895, 1893
1893, 1896
1896, 1893
1893, 1897
1897, 1893
1893, 1898
1898, 1893
1893, 1899
1899, 1893
1893, 1900
1900, 1893
1901, 1919
1919, 1901
1902, 1919
1919, 1902
1903, 1919
1919, 1903
1904, 1919
1919, 1904
1905, 1919
1919, 1905
1906, 1919
1919, 1906
1907, 1919
1919, 1907
1908, 1919
1919, 1908
1909, 1919
1919, 1909
1910, 1919
1919, 1910
1911, 1919
1919, 1911
1912, 1919
1919, 1912
1913, 1919
1919, 1913
1914, 1919
1919, 1914
1915, 1919
1919, 1915
1916, 1919
1919, 1916
1917, 1919
1919, 1917
1918, 1919
1919, 1918
1919, 1920
1920, 1919
1921, 1933
1933, 1921
1922, 1933
1933, 1922
1923, 1933
1933, 1923
1924, 1933
1933, 1924
1925, 1933
1933, 1925
1926, 1933
1933, 1926
1927, 1933
1933, 1927
1928, 1933
1933, 1928
1929, 1933
1933, 1929
1930, 1933
1933, 1930
1931, 1933
1933, 1931
1932, 1933
1933, 1932
1933, 1934
1934, 1933
1933, 1935
1935, 1933
1933, 1936
1936, 1933
1933, 1937
1937, 1933
1933, 1938
1938, 1933
1933, 1939
1939, 1933
1933, 1940
1940, 1933
1941, 1943
1943, 1941
1942, 1943
1943, 1942
1943, 1944
1944, 1943
1943, 1945
1945, 1943
1943, 1946
1946, 1943
1943, 1947
1947, 1943
1943, 1948
1948, 1943
1943, 1949
1949, 1943
1943, 1950
1950, 1943
1943, 1951
1951, 1943
1943, 1952
1952, 1943
1943, 1953
1953, 1943
1943, 1954
1954, 1943
1943, 1955
1955, 1943
1943, 1956
1956, 1943
1943, 1957
1957, 1943
1943, 1958
1958, 1943
1943, 1959
1959, 1943
1943, 1960
1960, 1943
1961, 1978
1978, 1961
1962, 1978
1978, 1962
1963, 1978
1978, 1963
1964, 1978
1978, 1964
1965, 1978
1978, 1965
1966, 1978
1978, 1966
1967, 1978
1978, 1967
1968, 1978
1978, 1968
1969, 1978
1978, 1969
1970, 1978
1978, 1970
1971, 1978
1978, 1971
1972, 1978
1978, 1972
1973, 1978
1978, 1973
1974, 1978
1978, 1974
1975, 1978
1978, 1975
1976, 1978
1978, 1976
1977, 1978
1978, 1977
1978, 1979
1979, 1978
1978, 1980
1980, 1978
1981, 1991
1991, 1981
1982, 1991
1991, 1982
1983, 1991
1991, 1983
1984, 1991
1991, 1984
1985, 1991
1991, 1985
1986, 1991
1991, 1986
1987, 1991
1991, 1987
1988, 1991
1991, 1988
1989, 1991
1991, 1989
1990, 1991
1991, 1990
1991, 1992
1992, 1991
1991, 1993
1993, 1991
1991, 1994
1994, 1991
1991, 1995
1995, 1991
1991, 1996
1996, 1991
1991, 1997
1997, 1991
1991, 1998
1998, 1991
1991, 1999
1999, 1991
1991, 2000
2000, 1991
